LEVEL=0
COLOR="red" (0,0) (0,1) (1,0) (1,1) (2,4) (2,5) (3,3) (3,4) 
COLOR="yellow" (0,2) (0,3) (1,2) (1,3) (2,6) (2,7) (3,5) (3,6) 
COLOR="green" (0,6) (0,7) (1,6) (2,2) (2,3) (3,1) (3,2) 
COLOR="blue" (0,4) (0,5) (1,4) (1,5) (2,0) (2,1) (3,0) 
***
LEVEL=1
COLOR="red"  (0,0) (2,0) (4,0)
COLOR="orange" (1,0) (3,0) (5,0)
COLOR="yellow" (0,2) (2,2) (4,2)
COLOR="green" (1,2) (3,2) (5,2)
COLOR="blue" (1,4) (0,6) (2,6) (4,5) (5,5)
COLOR="purple" (0,5) (1,6) (3,5) (5,4) (5,6)
***
LEVEL=2
COLOR="blue" (2,3) (3,3)
COLOR="red" (0,3) (1,3)
***
LEVEL=3
COLOR="maroon" (0,1) (1,0) (2,0) (3,0) (4,1) (4,2)
COLOR="green" (2,3) (3,2) (4,2) (5,1) (3,3) (4,4) (3,4) (2,5) (3,5) (4,6) (5,6)
COLOR="navy" (5,4) (6,4) (7,3) (8,4) (8,5) (7,5) (6,6) (7,6) (8,7)
***
LEVEL=4
COLOR="purple" (0,1) (0,2)
***

